-16384 -2048 0
-16368 -2048 0
-16352 -2048 0
-16336 -2048 0
-16320 -2048 0
-16304 -2048 0
-16288 -2048 0
-16272 -2048 0
-16256 -2048 0
-16240 -2048 0
-16224 -2048 0
-16208 -2048 0
-16192 -2048 0
-16176 -2048 0
-16160 -2048 0
-16144 -2048 0
-16128 -2048 0
-16112 -2048 0
-16096 -2048 0
-16080 -2048 0
-16064 -2048 0
-16048 -2048 0
-16032 -2048 0
-16016 -2048 0
-16000 -2048 0
-15984 -2048 0
-15968 -2048 0
-15952 -2048 0
-15936 -2048 0
-15920 -2048 0
-15904 -2048 0
-15888 -2048 0
-15872 -2048 0
-15856 -2048 0
-15840 -2048 0
-15824 -2048 0
-15808 -2048 0
-15792 -2048 0
-15776 -2048 0
-15760 -2048 0
-15744 -2048 0
-15728 -2048 0
-15712 -2048 0
-15696 -2048 0
-15680 -2048 0
-15664 -2048 0
-15648 -2048 0
-15632 -2048 0
-15616 -2048 0
-15600 -2048 0
-15584 -2048 0
-15568 -2048 0
-15552 -2048 0
-15536 -2048 0
-15520 -2048 0
-15504 -2048 0
-15488 -2048 0
-15472 -2048 0
-15456 -2048 0
-15440 -2048 0
-15424 -2048 0
-15408 -2048 0
-15392 -2048 0
-15376 -2048 0
-15360 -2048 0
-15344 -2048 0
-15328 -2048 0
-15312 -2048 0
-15296 -2048 0
-15280 -2048 0
-15264 -2048 0
-15248 -2048 0
-15232 -2048 0
-15216 -2048 0
-15200 -2048 0
-15184 -2048 0
-15168 -2048 0
-15152 -2048 0
-15136 -2048 0
-15120 -2048 0
-15104 -2048 0
-15088 -2048 0
-15072 -2048 0
-15056 -2048 0
-15040 -2048 0
-15024 -2048 0
-15008 -2048 0
-14992 -2048 0
-14976 -2048 0
-14960 -2048 0
-14944 -2048 0
-14928 -2048 0
-14912 -2048 0
-14896 -2048 0
-14880 -2048 0
-14864 -2048 0
-14848 -2048 0
-14832 -2048 0
-14816 -2048 0
-14800 -2048 0
-14784 -2048 0
-14768 -2048 0
-14752 -2048 0
-14736 -2048 0
-14720 -2048 0
-14704 -2048 0
-14688 -2048 0
-14672 -2048 0
-14656 -2048 0
-14640 -2048 0
-14624 -2048 0
-14608 -2048 0
-14592 -2048 0
-14576 -2048 0
-14560 -2048 0
-14544 -2048 0
-14528 -2048 0
-14512 -2048 0
-14496 -2048 0
-14480 -2048 0
-14464 -2048 0
-14448 -2048 0
-14432 -2048 0
-14416 -2048 0
-14400 -2048 0
-14384 -2048 0
-14368 -2048 0
-14352 -2048 0
-14336 -2048 0
-14320 -2048 0
-14304 -2048 0
-14288 -2048 0
-14272 -2048 0
-14256 -2048 0
-14240 -2048 0
-14224 -2048 0
-14208 -2048 0
-14192 -2048 0
-14176 -2048 0
-14160 -2048 0
-14144 -2048 0
-14128 -2048 0
-14112 -2048 0
-14096 -2048 0
-14080 -2048 0
-14064 -2048 0
-14048 -2048 0
-14032 -2048 0
-14016 -2048 0
-14000 -2048 0
-13984 -2048 0
-13968 -2048 0
-13952 -2048 0
-13936 -2048 0
-13920 -2048 0
-13904 -2048 0
-13888 -2048 0
-13872 -2048 0
-13856 -2048 0
-13840 -2048 0
-13824 -2048 0
-13808 -2048 0
-13792 -2048 0
-13776 -2048 0
-13760 -2048 0
-13744 -2048 0
-13728 -2048 0
-13712 -2048 0
-13696 -2048 0
-13680 -2048 0
-13664 -2048 0
-13648 -2048 0
-13632 -2048 0
-13616 -2048 0
-13600 -2048 0
-13584 -2048 0
-13568 -2048 0
-13552 -2048 0
-13536 -2048 0
-13520 -2048 0
-13504 -2048 0
-13488 -2048 0
-13472 -2048 0
-13456 -2048 0
-13440 -2048 0
-13424 -2048 0
-13408 -2048 0
-13392 -2048 0
-13376 -2048 0
-13360 -2048 0
-13344 -2048 0
-13328 -2048 0
-13312 -2048 0
-13296 -2048 0
-13280 -2048 0
-13264 -2048 0
-13248 -2048 0
-13232 -2048 0
-13216 -2048 0
-13200 -2048 0
-13184 -2048 0
-13168 -2048 0
-13152 -2048 0
-13136 -2048 0
-13120 -2048 0
-13104 -2048 0
-13088 -2048 0
-13072 -2048 0
-13056 -2048 0
-13040 -2048 0
-13024 -2048 0
-13008 -2048 0
-12992 -2048 0
-12976 -2048 0
-12960 -2048 0
-12944 -2048 0
-12928 -2048 0
-12912 -2048 0
-12896 -2048 0
-12880 -2048 0
-12864 -2048 0
-12848 -2048 0
-12832 -2048 0
-12816 -2048 0
-12800 -2048 0
-12784 -2048 0
-12768 -2048 0
-12752 -2048 0
-12736 -2048 0
-12720 -2048 0
-12704 -2048 0
-12688 -2048 0
-12672 -2048 0
-12656 -2048 0
-12640 -2048 0
-12624 -2048 0
-12608 -2048 0
-12592 -2048 0
-12576 -2048 0
-12560 -2048 0
-12544 -2048 0
-12528 -2048 0
-12512 -2048 0
-12496 -2048 0
-12480 -2048 0
-12464 -2048 0
-12448 -2048 0
-12432 -2048 0
-12416 -2048 0
-12400 -2048 0
-12384 -2048 0
-12368 -2048 0
-12352 -2048 0
-12336 -2048 0
-12320 -2048 0
-12304 -2048 0
-12288 -2048 0
-12272 -2048 5
-12256 -2048 5
-12240 -2048 5
-12224 -2048 5
-12208 -2048 5
-12192 -2048 5
-12176 -2048 5
-12160 -2048 5
-12144 -2048 5
-12128 -2048 5
-12112 -2048 5
-12096 -2048 5
-12080 -2048 5
-12064 -2048 5
-12048 -2048 5
-12032 -2048 5
-12016 -2048 5
-12000 -2048 5
-11984 -2048 5
-11968 -2048 5
-11952 -2048 5
-11936 -2048 6
-11920 -2048 6
-11904 -2048 6
-11888 -2048 6
-11872 -2048 6
-11856 -2048 6
-11840 -2048 6
-11824 -2048 6
-11808 -2048 6
-11792 -2048 6
-11776 -2048 6
-11760 -2048 6
-11744 -2048 6
-11728 -2048 6
-11712 -2048 6
-11696 -2048 6
-11680 -2048 6
-11664 -2048 6
-11648 -2048 6
-11632 -2048 6
-11616 -2048 7
-11600 -2048 7
-11584 -2048 7
-11568 -2048 7
-11552 -2048 7
-11536 -2048 7
-11520 -2048 7
-11504 -2048 7
-11488 -2048 7
-11472 -2048 7
-11456 -2048 7
-11440 -2048 7
-11424 -2048 7
-11408 -2048 7
-11392 -2048 7
-11376 -2048 7
-11360 -2048 7
-11344 -2048 8
-11328 -2048 8
-11312 -2048 8
-11296 -2048 8
-11280 -2048 8
-11264 -2048 8
-11248 -2048 8
-11232 -2048 8
-11216 -2048 8
-11200 -2048 8
-11184 -2048 8
-11168 -2048 8
-11152 -2048 8
-11136 -2048 8
-11120 -2048 8
-11104 -2048 9
-11088 -2048 9
-11072 -2048 9
-11056 -2048 9
-11040 -2048 9
-11024 -2048 9
-11008 -2048 9
-10992 -2048 9
-10976 -2048 9
-10960 -2048 9
-10944 -2048 9
-10928 -2048 9
-10912 -2048 9
-10896 -2048 9
-10880 -2048 10
-10864 -2048 10
-10848 -2048 10
-10832 -2048 10
-10816 -2048 10
-10800 -2048 10
-10784 -2048 10
-10768 -2048 10
-10752 -2048 10
-10736 -2048 10
-10720 -2048 10
-10704 -2048 10
-10688 -2048 11
-10672 -2048 11
-10656 -2048 11
-10640 -2048 11
-10624 -2048 11
-10608 -2048 11
-10592 -2048 11
-10576 -2048 11
-10560 -2048 11
-10544 -2048 11
-10528 -2048 11
-10512 -2048 12
-10496 -2048 12
-10480 -2048 12
-10464 -2048 12
-10448 -2048 12
-10432 -2048 12
-10416 -2048 12
-10400 -2048 12
-10384 -2048 12
-10368 -2048 12
-10352 -2048 12
-10336 -2048 13
-10320 -2048 13
-10304 -2048 13
-10288 -2048 13
-10272 -2048 13
-10256 -2048 13
-10240 -2048 13
-10224 -2048 13
-10208 -2048 13
-10192 -2048 14
-10176 -2048 14
-10160 -2048 14
-10144 -2048 14
-10128 -2048 14
-10112 -2048 14
-10096 -2048 14
-10080 -2048 14
-10064 -2048 14
-10048 -2048 15
-10032 -2048 15
-10016 -2048 15
-10000 -2048 15
-9984 -2048 15
-9968 -2048 15
-9952 -2048 15
-9936 -2048 15
-9920 -2048 16
-9904 -2048 16
-9888 -2048 16
-9872 -2048 16
-9856 -2048 16
-9840 -2048 16
-9824 -2048 16
-9808 -2048 16
-9792 -2048 17
-9776 -2048 17
-9760 -2048 17
-9744 -2048 17
-9728 -2048 17
-9712 -2048 17
-9696 -2048 17
-9680 -2048 17
-9664 -2048 18
-9648 -2048 18
-9632 -2048 18
-9616 -2048 18
-9600 -2048 18
-9584 -2048 18
-9568 -2048 18
-9552 -2048 19
-9536 -2048 19
-9520 -2048 19
-9504 -2048 19
-9488 -2048 19
-9472 -2048 19
-9456 -2048 20
-9440 -2048 20
-9424 -2048 20
-9408 -2048 20
-9392 -2048 20
-9376 -2048 20
-9360 -2048 20
-9344 -2048 21
-9328 -2048 21
-9312 -2048 21
-9296 -2048 21
-9280 -2048 21
-9264 -2048 21
-9248 -2048 22
-9232 -2048 22
-9216 -2048 22
-9200 -2048 22
-9184 -2048 22
-9168 -2048 23
-9152 -2048 23
-9136 -2048 23
-9120 -2048 23
-9104 -2048 23
-9088 -2048 23
-9072 -2048 24
-9056 -2048 24
-9040 -2048 24
-9024 -2048 24
-9008 -2048 24
-8992 -2048 25
-8976 -2048 25
-8960 -2048 25
-8944 -2048 25
-8928 -2048 25
-8912 -2048 26
-8896 -2048 26
-8880 -2048 26
-8864 -2048 26
-8848 -2048 26
-8832 -2048 27
-8816 -2048 27
-8800 -2048 27
-8784 -2048 27
-8768 -2048 27
-8752 -2048 28
-8736 -2048 28
-8720 -2048 28
-8704 -2048 28
-8688 -2048 29
-8672 -2048 29
-8656 -2048 29
-8640 -2048 29
-8624 -2048 29
-8608 -2048 30
-8592 -2048 30
-8576 -2048 30
-8560 -2048 30
-8544 -2048 31
-8528 -2048 31
-8512 -2048 31
-8496 -2048 31
-8480 -2048 32
-8464 -2048 32
-8448 -2048 32
-8432 -2048 32
-8416 -2048 33
-8400 -2048 33
-8384 -2048 33
-8368 -2048 33
-8352 -2048 34
-8336 -2048 34
-8320 -2048 34
-8304 -2048 34
-8288 -2048 35
-8272 -2048 35
-8256 -2048 35
-8240 -2048 35
-8224 -2048 36
-8208 -2048 36
-8192 -2048 36
-8176 -2048 37
-8160 -2048 37
-8144 -2048 37
-8128 -2048 37
-8112 -2048 38
-8096 -2048 38
-8080 -2048 38
-8064 -2048 39
-8048 -2048 39
-8032 -2048 39
-8016 -2048 40
-8000 -2048 40
-7984 -2048 40
-7968 -2048 41
-7952 -2048 41
-7936 -2048 41
-7920 -2048 41
-7904 -2048 42
-7888 -2048 42
-7872 -2048 42
-7856 -2048 43
-7840 -2048 43
-7824 -2048 43
-7808 -2048 44
-7792 -2048 44
-7776 -2048 44
-7760 -2048 45
-7744 -2048 45
-7728 -2048 45
-7712 -2048 46
-7696 -2048 46
-7680 -2048 47
-7664 -2048 47
-7648 -2048 47
-7632 -2048 48
-7616 -2048 48
-7600 -2048 48
-7584 -2048 49
-7568 -2048 49
-7552 -2048 50
-7536 -2048 50
-7520 -2048 50
-7504 -2048 51
-7488 -2048 51
-7472 -2048 51
-7456 -2048 52
-7440 -2048 52
-7424 -2048 53
-7408 -2048 53
-7392 -2048 53
-7376 -2048 54
-7360 -2048 54
-7344 -2048 55
-7328 -2048 55
-7312 -2048 56
-7296 -2048 56
-7280 -2048 56
-7264 -2048 57
-7248 -2048 57
-7232 -2048 58
-7216 -2048 58
-7200 -2048 59
-7184 -2048 59
-7168 -2048 60
-7152 -2048 60
-7136 -2048 60
-7120 -2048 61
-7104 -2048 61
-7088 -2048 62
-7072 -2048 62
-7056 -2048 63
-7040 -2048 63
-7024 -2048 64
-7008 -2048 64
-6992 -2048 65
-6976 -2048 65
-6960 -2048 66
-6944 -2048 66
-6928 -2048 67
-6912 -2048 67
-6896 -2048 68
-6880 -2048 68
-6864 -2048 69
-6848 -2048 69
-6832 -2048 70
-6816 -2048 70
-6800 -2048 71
-6784 -2048 71
-6768 -2048 72
-6752 -2048 73
-6736 -2048 73
-6720 -2048 74
-6704 -2048 74
-6688 -2048 75
-6672 -2048 75
-6656 -2048 76
-6640 -2048 77
-6624 -2048 77
-6608 -2048 78
-6592 -2048 78
-6576 -2048 79
-6560 -2048 79
-6544 -2048 80
-6528 -2048 81
-6512 -2048 81
-6496 -2048 82
-6480 -2048 83
-6464 -2048 83
-6448 -2048 84
-6432 -2048 84
-6416 -2048 85
-6400 -2048 86
-6384 -2048 86
-6368 -2048 87
-6352 -2048 88
-6336 -2048 88
-6320 -2048 89
-6304 -2048 90
-6288 -2048 90
-6272 -2048 91
-6256 -2048 92
-6240 -2048 92
-6224 -2048 93
-6208 -2048 94
-6192 -2048 94
-6176 -2048 95
-6160 -2048 96
-6144 -2048 97
-6128 -2037 97
-6112 -2037 98
-6096 -2037 99
-6080 -2037 100
-6064 -2037 100
-6048 -2036 101
-6032 -2036 102
-6016 -2036 103
-6000 -2036 103
-5984 -2036 104
-5968 -2035 105
-5952 -2035 106
-5936 -2035 106
-5920 -2035 107
-5904 -2035 108
-5888 -2035 109
-5872 -2034 110
-5856 -2034 110
-5840 -2034 111
-5824 -2034 112
-5808 -2033 113
-5792 -2033 114
-5776 -2033 115
-5760 -2033 116
-5744 -2033 116
-5728 -2032 117
-5712 -2032 118
-5696 -2032 119
-5680 -2032 120
-5664 -2031 121
-5648 -2031 122
-5632 -2031 123
-5616 -2031 123
-5600 -2030 124
-5584 -2030 125
-5568 -2030 126
-5552 -2029 127
-5536 -2029 128
-5520 -2029 129
-5504 -2029 130
-5488 -2028 131
-5472 -2028 132
-5456 -2028 133
-5440 -2027 134
-5424 -2027 135
-5408 -2027 136
-5392 -2026 137
-5376 -2026 138
-5360 -2026 139
-5344 -2025 140
-5328 -2025 141
-5312 -2025 142
-5296 -2024 143
-5280 -2024 144
-5264 -2024 145
-5248 -2023 146
-5232 -2023 147
-5216 -2023 148
-5200 -2022 149
-5184 -2022 150
-5168 -2021 152
-5152 -2021 153
-5136 -2021 154
-5120 -2020 155
-5104 -2020 156
-5088 -2019 157
-5072 -2019 158
-5056 -2018 159
-5040 -2018 161
-5024 -2017 162
-5008 -2017 163
-4992 -2016 164
-4976 -2016 165
-4960 -2015 166
-4944 -2015 168
-4928 -2014 169
-4912 -2014 170
-4896 -2013 171
-4880 -2013 173
-4864 -2012 174
-4848 -2012 175
-4832 -2011 176
-4816 -2011 178
-4800 -2010 179
-4784 -2010 180
-4768 -2009 181
-4752 -2008 183
-4736 -2008 184
-4720 -2007 185
-4704 -2006 187
-4688 -2006 188
-4672 -2005 189
-4656 -2005 191
-4640 -2004 192
-4624 -2003 193
-4608 -2002 195
-4592 -2002 196
-4576 -2001 198
-4560 -2000 199
-4544 -2000 200
-4528 -1999 202
-4512 -1998 203
-4496 -1997 205
-4480 -1997 206
-4464 -1996 208
-4448 -1995 209
-4432 -1994 210
-4416 -1993 212
-4400 -1992 213
-4384 -1992 215
-4368 -1991 216
-4352 -1990 218
-4336 -1989 220
-4320 -1988 221
-4304 -1987 223
-4288 -1986 224
-4272 -1985 226
-4256 -1984 227
-4240 -1983 229
-4224 -1982 231
-4208 -1981 232
-4192 -1980 234
-4176 -1979 235
-4160 -1978 237
-4144 -1977 239
-4128 -1976 240
-4112 -1975 242
-4096 -1974 244
-4080 -1973 245
-4064 -1972 247
-4048 -1970 249
-4032 -1969 250
-4016 -1968 252
-4000 -1967 254
-3984 -1965 256
-3968 -1964 257
-3952 -1963 259
-3936 -1962 261
-3920 -1960 263
-3904 -1959 265
-3888 -1958 266
-3872 -1956 268
-3856 -1955 270
-3840 -1953 272
-3824 -1952 274
-3808 -1950 276
-3792 -1949 277
-3776 -1947 279
-3760 -1946 281
-3744 -1944 283
-3728 -1943 285
-3712 -1941 287
-3696 -1940 289
-3680 -1938 291
-3664 -1936 293
-3648 -1935 295
-3632 -1933 297
-3616 -1931 299
-3600 -1929 301
-3584 -1927 303
-3568 -1926 305
-3552 -1924 307
-3536 -1922 309
-3520 -1920 311
-3504 -1918 313
-3488 -1916 315
-3472 -1914 317
-3456 -1912 319
-3440 -1910 321
-3424 -1908 323
-3408 -1906 326
-3392 -1904 328
-3376 -1901 330
-3360 -1899 332
-3344 -1897 334
-3328 -1895 336
-3312 -1892 339
-3296 -1890 341
-3280 -1888 343
-3264 -1885 345
-3248 -1883 348
-3232 -1880 350
-3216 -1878 352
-3200 -1875 354
-3184 -1873 357
-3168 -1870 359
-3152 -1867 361
-3136 -1864 364
-3120 -1862 366
-3104 -1859 368
-3088 -1856 371
-3072 -1853 373
-3056 -1850 375
-3040 -1847 378
-3024 -1844 380
-3008 -1841 383
-2992 -1838 385
-2976 -1835 388
-2960 -1832 390
-2944 -1829 393
-2928 -1826 395
-2912 -1822 398
-2896 -1819 400
-2880 -1815 403
-2864 -1812 405
-2848 -1809 408
-2832 -1805 410
-2816 -1801 413
-2800 -1798 415
-2784 -1794 418
-2768 -1790 421
-2752 -1787 423
-2736 -1783 426
-2720 -1779 428
-2704 -1775 431
-2688 -1771 434
-2672 -1767 436
-2656 -1763 439
-2640 -1758 442
-2624 -1754 445
-2608 -1750 447
-2592 -1746 450
-2576 -1741 453
-2560 -1737 456
-2544 -1732 458
-2528 -1728 461
-2512 -1723 464
-2496 -1718 467
-2480 -1714 470
-2464 -1709 472
-2448 -1704 475
-2432 -1699 478
-2416 -1694 481
-2400 -1689 484
-2384 -1684 487
-2368 -1678 490
-2352 -1673 493
-2336 -1668 496
-2320 -1662 498
-2304 -1657 501
-2288 -1651 504
-2272 -1646 507
-2256 -1640 510
-2240 -1634 513
-2224 -1628 516
-2208 -1623 519
-2192 -1617 522
-2176 -1610 525
-2160 -1604 529
-2144 -1598 532
-2128 -1592 535
-2112 -1585 538
-2096 -1579 541
-2080 -1573 544
-2064 -1566 547
-2048 -1559 550
-2032 -1552 553
-2016 -1546 557
-2000 -1539 560
-1984 -1532 563
-1968 -1525 566
-1952 -1517 569
-1936 -1510 573
-1920 -1503 576
-1904 -1495 579
-1888 -1488 582
-1872 -1480 586
-1856 -1473 589
-1840 -1465 592
-1824 -1457 595
-1808 -1449 599
-1792 -1441 602
-1776 -1433 605
-1760 -1425 609
-1744 -1416 612
-1728 -1408 615
-1712 -1400 619
-1696 -1391 622
-1680 -1382 626
-1664 -1374 629
-1648 -1365 632
-1632 -1356 636
-1616 -1347 639
-1600 -1338 643
-1584 -1328 646
-1568 -1319 650
-1552 -1310 653
-1536 -1300 657
-1520 -1291 660
-1504 -1281 664
-1488 -1271 667
-1472 -1261 671
-1456 -1251 674
-1440 -1241 678
-1424 -1231 681
-1408 -1221 685
-1392 -1211 688
-1376 -1200 692
-1360 -1190 695
-1344 -1179 699
-1328 -1168 703
-1312 -1157 706
-1296 -1146 710
-1280 -1135 714
-1264 -1124 717
-1248 -1113 721
-1232 -1102 724
-1216 -1090 728
-1200 -1079 732
-1184 -1067 735
-1168 -1055 739
-1152 -1044 743
-1136 -1032 747
-1120 -1020 750
-1104 -1008 754
-1088 -996 758
-1072 -983 761
-1056 -971 765
-1040 -958 769
-1024 -946 773
-1008 -933 776
-992 -921 780
-976 -908 784
-960 -895 788
-944 -882 792
-928 -869 795
-912 -856 799
-896 -842 803
-880 -829 807
-864 -816 811
-848 -802 814
-832 -789 818
-816 -775 822
-800 -761 826
-784 -747 830
-768 -733 834
-752 -719 838
-736 -705 841
-720 -691 845
-704 -677 849
-688 -663 853
-672 -648 857
-656 -634 861
-640 -619 865
-624 -605 869
-608 -590 873
-592 -576 877
-576 -561 880
-560 -546 884
-544 -531 888
-528 -516 892
-512 -501 896
-496 -496 900
-480 -480 904
-464 -464 908
-448 -448 912
-432 -432 916
-416 -416 920
-400 -400 924
-384 -384 928
-368 -368 932
-352 -352 936
-336 -336 940
-320 -320 944
-304 -304 948
-288 -288 952
-272 -272 956
-256 -256 960
-240 -240 964
-224 -224 968
-208 -208 972
-192 -192 976
-176 -176 980
-160 -160 984
-144 -144 988
-128 -128 992
-112 -112 996
-96 -96 1000
-80 -80 1004
-64 -64 1008
-48 -48 1012
-32 -32 1016
-16 -16 1020
0 0 1024
16 16 1027
32 32 1031
48 48 1035
64 64 1039
80 80 1043
96 96 1047
112 112 1051
128 128 1055
144 144 1059
160 160 1063
176 176 1067
192 192 1071
208 208 1075
224 224 1079
240 240 1083
256 256 1087
272 272 1091
288 288 1095
304 304 1099
320 320 1103
336 336 1107
352 352 1111
368 368 1115
384 384 1119
400 400 1123
416 416 1127
432 432 1131
448 448 1135
464 464 1139
480 480 1143
496 496 1147
512 501 1151
528 516 1155
544 531 1159
560 546 1163
576 561 1167
592 576 1170
608 590 1174
624 605 1178
640 619 1182
656 634 1186
672 648 1190
688 663 1194
704 677 1198
720 691 1202
736 705 1206
752 719 1209
768 733 1213
784 747 1217
800 761 1221
816 775 1225
832 789 1229
848 802 1233
864 816 1236
880 829 1240
896 842 1244
912 856 1248
928 869 1252
944 882 1255
960 895 1259
976 908 1263
992 921 1267
1008 933 1271
1024 946 1274
1040 958 1278
1056 971 1282
1072 983 1286
1088 996 1289
1104 1008 1293
1120 1020 1297
1136 1032 1300
1152 1044 1304
1168 1055 1308
1184 1067 1312
1200 1079 1315
1216 1090 1319
1232 1102 1323
1248 1113 1326
1264 1124 1330
1280 1135 1333
1296 1146 1337
1312 1157 1341
1328 1168 1344
1344 1179 1348
1360 1190 1352
1376 1200 1355
1392 1211 1359
1408 1221 1362
1424 1231 1366
1440 1241 1369
1456 1251 1373
1472 1261 1376
1488 1271 1380
1504 1281 1383
1520 1291 1387
1536 1300 1390
1552 1310 1394
1568 1319 1397
1584 1328 1401
1600 1338 1404
1616 1347 1408
1632 1356 1411
1648 1365 1415
1664 1374 1418
1680 1382 1421
1696 1391 1425
1712 1400 1428
1728 1408 1432
1744 1416 1435
1760 1425 1438
1776 1433 1442
1792 1441 1445
1808 1449 1448
1824 1457 1452
1840 1465 1455
1856 1473 1458
1872 1480 1461
1888 1488 1465
1904 1495 1468
1920 1503 1471
1936 1510 1474
1952 1517 1478
1968 1525 1481
1984 1532 1484
2000 1539 1487
2016 1546 1490
2032 1552 1494
2048 1559 1497
2064 1566 1500
2080 1573 1503
2096 1579 1506
2112 1585 1509
2128 1592 1512
2144 1598 1515
2160 1604 1518
2176 1610 1522
2192 1617 1525
2208 1623 1528
2224 1628 1531
2240 1634 1534
2256 1640 1537
2272 1646 1540
2288 1651 1543
2304 1657 1546
2320 1662 1549
2336 1668 1551
2352 1673 1554
2368 1678 1557
2384 1684 1560
2400 1689 1563
2416 1694 1566
2432 1699 1569
2448 1704 1572
2464 1709 1575
2480 1714 1577
2496 1718 1580
2512 1723 1583
2528 1728 1586
2544 1732 1589
2560 1737 1591
2576 1741 1594
2592 1746 1597
2608 1750 1600
2624 1754 1602
2640 1758 1605
2656 1763 1608
2672 1767 1611
2688 1771 1613
2704 1775 1616
2720 1779 1619
2736 1783 1621
2752 1787 1624
2768 1790 1626
2784 1794 1629
2800 1798 1632
2816 1801 1634
2832 1805 1637
2848 1809 1639
2864 1812 1642
2880 1815 1644
2896 1819 1647
2912 1822 1649
2928 1826 1652
2944 1829 1654
2960 1832 1657
2976 1835 1659
2992 1838 1662
3008 1841 1664
3024 1844 1667
3040 1847 1669
3056 1850 1672
3072 1853 1674
3088 1856 1676
3104 1859 1679
3120 1862 1681
3136 1864 1683
3152 1867 1686
3168 1870 1688
3184 1873 1690
3200 1875 1693
3216 1878 1695
3232 1880 1697
3248 1883 1699
3264 1885 1702
3280 1888 1704
3296 1890 1706
3312 1892 1708
3328 1895 1711
3344 1897 1713
3360 1899 1715
3376 1901 1717
3392 1904 1719
3408 1906 1721
3424 1908 1724
3440 1910 1726
3456 1912 1728
3472 1914 1730
3488 1916 1732
3504 1918 1734
3520 1920 1736
3536 1922 1738
3552 1924 1740
3568 1926 1742
3584 1927 1744
3600 1929 1746
3616 1931 1748
3632 1933 1750
3648 1935 1752
3664 1936 1754
3680 1938 1756
3696 1940 1758
3712 1941 1760
3728 1943 1762
3744 1944 1764
3760 1946 1766
3776 1947 1768
3792 1949 1770
3808 1950 1771
3824 1952 1773
3840 1953 1775
3856 1955 1777
3872 1956 1779
3888 1958 1781
3904 1959 1782
3920 1960 1784
3936 1962 1786
3952 1963 1788
3968 1964 1790
3984 1965 1791
4000 1967 1793
4016 1968 1795
4032 1969 1797
4048 1970 1798
4064 1972 1800
4080 1973 1802
4096 1974 1803
4112 1975 1805
4128 1976 1807
4144 1977 1808
4160 1978 1810
4176 1979 1812
4192 1980 1813
4208 1981 1815
4224 1982 1816
4240 1983 1818
4256 1984 1820
4272 1985 1821
4288 1986 1823
4304 1987 1824
4320 1988 1826
4336 1989 1827
4352 1990 1829
4368 1991 1831
4384 1992 1832
4400 1992 1834
4416 1993 1835
4432 1994 1837
4448 1995 1838
4464 1996 1839
4480 1997 1841
4496 1997 1842
4512 1998 1844
4528 1999 1845
4544 2000 1847
4560 2000 1848
4576 2001 1849
4592 2002 1851
4608 2002 1852
4624 2003 1854
4640 2004 1855
4656 2005 1856
4672 2005 1858
4688 2006 1859
4704 2006 1860
4720 2007 1862
4736 2008 1863
4752 2008 1864
4768 2009 1866
4784 2010 1867
4800 2010 1868
4816 2011 1869
4832 2011 1871
4848 2012 1872
4864 2012 1873
4880 2013 1874
4896 2013 1876
4912 2014 1877
4928 2014 1878
4944 2015 1879
4960 2015 1881
4976 2016 1882
4992 2016 1883
5008 2017 1884
5024 2017 1885
5040 2018 1886
5056 2018 1888
5072 2019 1889
5088 2019 1890
5104 2020 1891
5120 2020 1892
5136 2021 1893
5152 2021 1894
5168 2021 1895
5184 2022 1897
5200 2022 1898
5216 2023 1899
5232 2023 1900
5248 2023 1901
5264 2024 1902
5280 2024 1903
5296 2024 1904
5312 2025 1905
5328 2025 1906
5344 2025 1907
5360 2026 1908
5376 2026 1909
5392 2026 1910
5408 2027 1911
5424 2027 1912
5440 2027 1913
5456 2028 1914
5472 2028 1915
5488 2028 1916
5504 2029 1917
5520 2029 1918
5536 2029 1919
5552 2029 1920
5568 2030 1921
5584 2030 1922
5600 2030 1923
5616 2031 1924
5632 2031 1924
5648 2031 1925
5664 2031 1926
5680 2032 1927
5696 2032 1928
5712 2032 1929
5728 2032 1930
5744 2033 1931
5760 2033 1931
5776 2033 1932
5792 2033 1933
5808 2033 1934
5824 2034 1935
5840 2034 1936
5856 2034 1937
5872 2034 1937
5888 2035 1938
5904 2035 1939
5920 2035 1940
5936 2035 1941
5952 2035 1941
5968 2035 1942
5984 2036 1943
6000 2036 1944
6016 2036 1944
6032 2036 1945
6048 2036 1946
6064 2037 1947
6080 2037 1947
6096 2037 1948
6112 2037 1949
6128 2037 1950
6144 2048 1950
6160 2048 1951
6176 2048 1952
6192 2048 1953
6208 2048 1953
6224 2048 1954
6240 2048 1955
6256 2048 1955
6272 2048 1956
6288 2048 1957
6304 2048 1957
6320 2048 1958
6336 2048 1959
6352 2048 1959
6368 2048 1960
6384 2048 1961
6400 2048 1961
6416 2048 1962
6432 2048 1963
6448 2048 1963
6464 2048 1964
6480 2048 1964
6496 2048 1965
6512 2048 1966
6528 2048 1966
6544 2048 1967
6560 2048 1968
6576 2048 1968
6592 2048 1969
6608 2048 1969
6624 2048 1970
6640 2048 1970
6656 2048 1971
6672 2048 1972
6688 2048 1972
6704 2048 1973
6720 2048 1973
6736 2048 1974
6752 2048 1974
6768 2048 1975
6784 2048 1976
6800 2048 1976
6816 2048 1977
6832 2048 1977
6848 2048 1978
6864 2048 1978
6880 2048 1979
6896 2048 1979
6912 2048 1980
6928 2048 1980
6944 2048 1981
6960 2048 1981
6976 2048 1982
6992 2048 1982
7008 2048 1983
7024 2048 1983
7040 2048 1984
7056 2048 1984
7072 2048 1985
7088 2048 1985
7104 2048 1986
7120 2048 1986
7136 2048 1987
7152 2048 1987
7168 2048 1987
7184 2048 1988
7200 2048 1988
7216 2048 1989
7232 2048 1989
7248 2048 1990
7264 2048 1990
7280 2048 1991
7296 2048 1991
7312 2048 1991
7328 2048 1992
7344 2048 1992
7360 2048 1993
7376 2048 1993
7392 2048 1994
7408 2048 1994
7424 2048 1994
7440 2048 1995
7456 2048 1995
7472 2048 1996
7488 2048 1996
7504 2048 1996
7520 2048 1997
7536 2048 1997
7552 2048 1997
7568 2048 1998
7584 2048 1998
7600 2048 1999
7616 2048 1999
7632 2048 1999
7648 2048 2000
7664 2048 2000
7680 2048 2000
7696 2048 2001
7712 2048 2001
7728 2048 2002
7744 2048 2002
7760 2048 2002
7776 2048 2003
7792 2048 2003
7808 2048 2003
7824 2048 2004
7840 2048 2004
7856 2048 2004
7872 2048 2005
7888 2048 2005
7904 2048 2005
7920 2048 2006
7936 2048 2006
7952 2048 2006
7968 2048 2006
7984 2048 2007
8000 2048 2007
8016 2048 2007
8032 2048 2008
8048 2048 2008
8064 2048 2008
8080 2048 2009
8096 2048 2009
8112 2048 2009
8128 2048 2010
8144 2048 2010
8160 2048 2010
8176 2048 2010
8192 2048 2011
8208 2048 2011
8224 2048 2011
8240 2048 2012
8256 2048 2012
8272 2048 2012
8288 2048 2012
8304 2048 2013
8320 2048 2013
8336 2048 2013
8352 2048 2013
8368 2048 2014
8384 2048 2014
8400 2048 2014
8416 2048 2014
8432 2048 2015
8448 2048 2015
8464 2048 2015
8480 2048 2015
8496 2048 2016
8512 2048 2016
8528 2048 2016
8544 2048 2016
8560 2048 2017
8576 2048 2017
8592 2048 2017
8608 2048 2017
8624 2048 2018
8640 2048 2018
8656 2048 2018
8672 2048 2018
8688 2048 2018
8704 2048 2019
8720 2048 2019
8736 2048 2019
8752 2048 2019
8768 2048 2020
8784 2048 2020
8800 2048 2020
8816 2048 2020
8832 2048 2020
8848 2048 2021
8864 2048 2021
8880 2048 2021
8896 2048 2021
8912 2048 2021
8928 2048 2022
8944 2048 2022
8960 2048 2022
8976 2048 2022
8992 2048 2022
9008 2048 2023
9024 2048 2023
9040 2048 2023
9056 2048 2023
9072 2048 2023
9088 2048 2024
9104 2048 2024
9120 2048 2024
9136 2048 2024
9152 2048 2024
9168 2048 2024
9184 2048 2025
9200 2048 2025
9216 2048 2025
9232 2048 2025
9248 2048 2025
9264 2048 2026
9280 2048 2026
9296 2048 2026
9312 2048 2026
9328 2048 2026
9344 2048 2026
9360 2048 2027
9376 2048 2027
9392 2048 2027
9408 2048 2027
9424 2048 2027
9440 2048 2027
9456 2048 2027
9472 2048 2028
9488 2048 2028
9504 2048 2028
9520 2048 2028
9536 2048 2028
9552 2048 2028
9568 2048 2029
9584 2048 2029
9600 2048 2029
9616 2048 2029
9632 2048 2029
9648 2048 2029
9664 2048 2029
9680 2048 2030
9696 2048 2030
9712 2048 2030
9728 2048 2030
9744 2048 2030
9760 2048 2030
9776 2048 2030
9792 2048 2030
9808 2048 2031
9824 2048 2031
9840 2048 2031
9856 2048 2031
9872 2048 2031
9888 2048 2031
9904 2048 2031
9920 2048 2031
9936 2048 2032
9952 2048 2032
9968 2048 2032
9984 2048 2032
10000 2048 2032
10016 2048 2032
10032 2048 2032
10048 2048 2032
10064 2048 2033
10080 2048 2033
10096 2048 2033
10112 2048 2033
10128 2048 2033
10144 2048 2033
10160 2048 2033
10176 2048 2033
10192 2048 2033
10208 2048 2034
10224 2048 2034
10240 2048 2034
10256 2048 2034
10272 2048 2034
10288 2048 2034
10304 2048 2034
10320 2048 2034
10336 2048 2034
10352 2048 2035
10368 2048 2035
10384 2048 2035
10400 2048 2035
10416 2048 2035
10432 2048 2035
10448 2048 2035
10464 2048 2035
10480 2048 2035
10496 2048 2035
10512 2048 2035
10528 2048 2036
10544 2048 2036
10560 2048 2036
10576 2048 2036
10592 2048 2036
10608 2048 2036
10624 2048 2036
10640 2048 2036
10656 2048 2036
10672 2048 2036
10688 2048 2036
10704 2048 2037
10720 2048 2037
10736 2048 2037
10752 2048 2037
10768 2048 2037
10784 2048 2037
10800 2048 2037
10816 2048 2037
10832 2048 2037
10848 2048 2037
10864 2048 2037
10880 2048 2037
10896 2048 2038
10912 2048 2038
10928 2048 2038
10944 2048 2038
10960 2048 2038
10976 2048 2038
10992 2048 2038
11008 2048 2038
11024 2048 2038
11040 2048 2038
11056 2048 2038
11072 2048 2038
11088 2048 2038
11104 2048 2038
11120 2048 2039
11136 2048 2039
11152 2048 2039
11168 2048 2039
11184 2048 2039
11200 2048 2039
11216 2048 2039
11232 2048 2039
11248 2048 2039
11264 2048 2039
11280 2048 2039
11296 2048 2039
11312 2048 2039
11328 2048 2039
11344 2048 2039
11360 2048 2040
11376 2048 2040
11392 2048 2040
11408 2048 2040
11424 2048 2040
11440 2048 2040
11456 2048 2040
11472 2048 2040
11488 2048 2040
11504 2048 2040
11520 2048 2040
11536 2048 2040
11552 2048 2040
11568 2048 2040
11584 2048 2040
11600 2048 2040
11616 2048 2040
11632 2048 2041
11648 2048 2041
11664 2048 2041
11680 2048 2041
11696 2048 2041
11712 2048 2041
11728 2048 2041
11744 2048 2041
11760 2048 2041
11776 2048 2041
11792 2048 2041
11808 2048 2041
11824 2048 2041
11840 2048 2041
11856 2048 2041
11872 2048 2041
11888 2048 2041
11904 2048 2041
11920 2048 2041
11936 2048 2041
11952 2048 2042
11968 2048 2042
11984 2048 2042
12000 2048 2042
12016 2048 2042
12032 2048 2042
12048 2048 2042
12064 2048 2042
12080 2048 2042
12096 2048 2042
12112 2048 2042
12128 2048 2042
12144 2048 2042
12160 2048 2042
12176 2048 2042
12192 2048 2042
12208 2048 2042
12224 2048 2042
12240 2048 2042
12256 2048 2042
12272 2048 2042
12288 2048 2048
12304 2048 2048
12320 2048 2048
12336 2048 2048
12352 2048 2048
12368 2048 2048
12384 2048 2048
12400 2048 2048
12416 2048 2048
12432 2048 2048
12448 2048 2048
12464 2048 2048
12480 2048 2048
12496 2048 2048
12512 2048 2048
12528 2048 2048
12544 2048 2048
12560 2048 2048
12576 2048 2048
12592 2048 2048
12608 2048 2048
12624 2048 2048
12640 2048 2048
12656 2048 2048
12672 2048 2048
12688 2048 2048
12704 2048 2048
12720 2048 2048
12736 2048 2048
12752 2048 2048
12768 2048 2048
12784 2048 2048
12800 2048 2048
12816 2048 2048
12832 2048 2048
12848 2048 2048
12864 2048 2048
12880 2048 2048
12896 2048 2048
12912 2048 2048
12928 2048 2048
12944 2048 2048
12960 2048 2048
12976 2048 2048
12992 2048 2048
13008 2048 2048
13024 2048 2048
13040 2048 2048
13056 2048 2048
13072 2048 2048
13088 2048 2048
13104 2048 2048
13120 2048 2048
13136 2048 2048
13152 2048 2048
13168 2048 2048
13184 2048 2048
13200 2048 2048
13216 2048 2048
13232 2048 2048
13248 2048 2048
13264 2048 2048
13280 2048 2048
13296 2048 2048
13312 2048 2048
13328 2048 2048
13344 2048 2048
13360 2048 2048
13376 2048 2048
13392 2048 2048
13408 2048 2048
13424 2048 2048
13440 2048 2048
13456 2048 2048
13472 2048 2048
13488 2048 2048
13504 2048 2048
13520 2048 2048
13536 2048 2048
13552 2048 2048
13568 2048 2048
13584 2048 2048
13600 2048 2048
13616 2048 2048
13632 2048 2048
13648 2048 2048
13664 2048 2048
13680 2048 2048
13696 2048 2048
13712 2048 2048
13728 2048 2048
13744 2048 2048
13760 2048 2048
13776 2048 2048
13792 2048 2048
13808 2048 2048
13824 2048 2048
13840 2048 2048
13856 2048 2048
13872 2048 2048
13888 2048 2048
13904 2048 2048
13920 2048 2048
13936 2048 2048
13952 2048 2048
13968 2048 2048
13984 2048 2048
14000 2048 2048
14016 2048 2048
14032 2048 2048
14048 2048 2048
14064 2048 2048
14080 2048 2048
14096 2048 2048
14112 2048 2048
14128 2048 2048
14144 2048 2048
14160 2048 2048
14176 2048 2048
14192 2048 2048
14208 2048 2048
14224 2048 2048
14240 2048 2048
14256 2048 2048
14272 2048 2048
14288 2048 2048
14304 2048 2048
14320 2048 2048
14336 2048 2048
14352 2048 2048
14368 2048 2048
14384 2048 2048
14400 2048 2048
14416 2048 2048
14432 2048 2048
14448 2048 2048
14464 2048 2048
14480 2048 2048
14496 2048 2048
14512 2048 2048
14528 2048 2048
14544 2048 2048
14560 2048 2048
14576 2048 2048
14592 2048 2048
14608 2048 2048
14624 2048 2048
14640 2048 2048
14656 2048 2048
14672 2048 2048
14688 2048 2048
14704 2048 2048
14720 2048 2048
14736 2048 2048
14752 2048 2048
14768 2048 2048
14784 2048 2048
14800 2048 2048
14816 2048 2048
14832 2048 2048
14848 2048 2048
14864 2048 2048
14880 2048 2048
14896 2048 2048
14912 2048 2048
14928 2048 2048
14944 2048 2048
14960 2048 2048
14976 2048 2048
14992 2048 2048
15008 2048 2048
15024 2048 2048
15040 2048 2048
15056 2048 2048
15072 2048 2048
15088 2048 2048
15104 2048 2048
15120 2048 2048
15136 2048 2048
15152 2048 2048
15168 2048 2048
15184 2048 2048
15200 2048 2048
15216 2048 2048
15232 2048 2048
15248 2048 2048
15264 2048 2048
15280 2048 2048
15296 2048 2048
15312 2048 2048
15328 2048 2048
15344 2048 2048
15360 2048 2048
15376 2048 2048
15392 2048 2048
15408 2048 2048
15424 2048 2048
15440 2048 2048
15456 2048 2048
15472 2048 2048
15488 2048 2048
15504 2048 2048
15520 2048 2048
15536 2048 2048
15552 2048 2048
15568 2048 2048
15584 2048 2048
15600 2048 2048
15616 2048 2048
15632 2048 2048
15648 2048 2048
15664 2048 2048
15680 2048 2048
15696 2048 2048
15712 2048 2048
15728 2048 2048
15744 2048 2048
15760 2048 2048
15776 2048 2048
15792 2048 2048
15808 2048 2048
15824 2048 2048
15840 2048 2048
15856 2048 2048
15872 2048 2048
15888 2048 2048
15904 2048 2048
15920 2048 2048
15936 2048 2048
15952 2048 2048
15968 2048 2048
15984 2048 2048
16000 2048 2048
16016 2048 2048
16032 2048 2048
16048 2048 2048
16064 2048 2048
16080 2048 2048
16096 2048 2048
16112 2048 2048
16128 2048 2048
16144 2048 2048
16160 2048 2048
16176 2048 2048
16192 2048 2048
16208 2048 2048
16224 2048 2048
16240 2048 2048
16256 2048 2048
16272 2048 2048
16288 2048 2048
16304 2048 2048
16320 2048 2048
16336 2048 2048
16352 2048 2048
16368 2048 2048
16384 2048 2048
